    0
    0
    0
  136
  273
  409
  546
  682
  819
  955
 1092
 1228
 1365
 1501
 1638
 1774
 1911
 2047
 2184
 2321
 2457
 2594
 2730
 2867
 3003
 3140
 3276
 3413
 3549
 3686
 3822
 3959
 4095
 4232
 4369
 4505
 4642
 4778
 4915
 5051
 5188
 5324
 5461
 5597
 5734
 5870
 6007
 6143
 6280
 6416
 6553
 6690
 6826
 6963
 7099
 7236
 7372
 7509
 7645
 7782
 7918
 8055
 8191
 8328
 8464
 8601
 8738
 8874
 9011
 9147
 9284
 9420
 9557
 9693
 9830
 9966
10103
10239
10376
10512
10649
10785
10922
11059
11195
11332
11468
11605
11741
11878
12014
12151
12287
12424
12560
12697
12833
12970
13107
13243
13380
13516
13653
13789
13926
14062
14199
14335
14472
14608
14745
14881
15018
15154
15291
15428
15564
15701
15837
15974
16110
16247
16383
16520
16656
16793
16929
17066
17202
17339
17476
17612
17749
17885
18022
18158
18295
18431
18568
18704
18841
18977
19114
19250
19387
19523
19660
19797
19933
20070
20206
20343
20479
20616
20752
20889
21025
21162
21298
21435
21571
21708
21845
21981
22118
22254
22391
22527
22664
22800
22937
23073
23210
23346
23483
23619
23756
23892
24029
24166
24302
24439
24575
24712
24848
24985
25121
25258
25394
25531
25667
25804
25940
26077
26214
26350
26487
26623
26760
26896
27033
27169
27306
27442
27579
27715
27852
27988
28125
28261
28398
28535
28671
28808
28944
29081
29217
29354
29490
29627
29763
29900
30036
30173
30309
30446
30583
30719
30856
30992
31129
31265
31402
31538
31675
31811
31948
32084
32221
32357
32494
32630
32767
32904
33040
33177
33313
33450
33586
33723
33859
33996
34132
34269
34405
34542
34678
34815
34952
35088
35225
35361
35498
35634
35771
35907
36044
36180
36317
36453
36590
36726
36863
36999
37136
37273
37409
37546
37682
37819
37955
38092
38228
38365
38501
38638
38774
38911
39047
39184
39321
39457
39594
39730
39867
40003
40140
40276
40413
40549
40686
40822
40959
41095
41232
41368
41505
41642
41778
41915
42051
42188
42324
42461
42597
42734
42870
43007
43143
43280
43416
43553
43690
43826
43963
44099
44236
44372
44509
44645
44782
44918
45055
45191
45328
45464
45601
45737
45874
46011
46147
46284
46420
46557
46693
46830
46966
47103
47239
47376
47512
47649
47785
47922
48059
48195
48332
48468
48605
48741
48878
49014
49151
49287
49424
49560
49697
49833
49970
50106
50243
50380
50516
50653
50789
50926
51062
51199
51335
51472
51608
51745
51881
52018
52154
52291
52428
52564
52701
52837
52974
53110
53247
53383
53520
53656
53793
53929
54066
54202
54339
54475
54612
54749
54885
55022
55158
55295
55431
55568
55704
55841
55977
56114
56250
56387
56523
56660
56797
56933
57070
57206
57343
57479
57616
57752
57889
58025
58162
58298
58435
58571
58708
58844
58981
59118
59254
59391
59527
59664
59800
59937
60073
60210
60346
60483
60619
60756
60892
61029
61166
61302
61439
61575
61712
61848
61985
62121
62258
62394
62531
62667
62804
62940
63077
63213
63350
63487
63623
63760
63896
64033
64169
64306
64442
64579
64715
64852
64988
65125
65261
65398
65535
65535
65467
65399
65331
65262
65194
65126
65058
64989
64921
64853
64785
64716
64648
64580
64512
64443
64375
64307
64238
64170
64102
64034
63965
63897
63829
63761
63692
63624
63556
63488
63419
63351
63283
63215
63146
63078
63010
62941
62873
62805
62737
62668
62600
62532
62464
62395
62327
62259
62191
62122
62054
61986
61917
61849
61781
61713
61644
61576
61508
61440
61371
61303
61235
61167
61098
61030
60962
60894
60825
60757
60689
60620
60552
60484
60416
60347
60279
60211
60143
60074
60006
59938
59870
59801
59733
59665
59596
59528
59460
59392
59323
59255
59187
59119
59050
58982
58914
58846
58777
58709
58641
58573
58504
58436
58368
58299
58231
58163
58095
58026
57958
57890
57822
57753
57685
57617
57549
57480
57412
57344
57275
57207
57139
57071
57002
56934
56866
56798
56729
56661
56593
56525
56456
56388
56320
56252
56183
56115
56047
55978
55910
55842
55774
55705
55637
55569
55501
55432
55364
55296
55228
55159
55091
55023
54954
54886
54818
54750
54681
54613
54545
54477
54408
54340
54272
54204
54135
54067
53999
53931
53862
53794
53726
53657
53589
53521
53453
53384
53316
53248
53180
53111
53043
52975
52907
52838
52770
52702
52633
52565
52497
52429
52360
52292
52224
52156
52087
52019
51951
51883
51814
51746
51678
51610
51541
51473
51405
51336
51268
51200
51132
51063
50995
50927
50859
50790
50722
50654
50586
50517
50449
50381
50312
50244
50176
50108
50039
49971
49903
49835
49766
49698
49630
49562
49493
49425
49357
49289
49220
49152
49084
49015
48947
48879
48811
48742
48674
48606
48538
48469
48401
48333
48265
48196
48128
48060
47992
47923
47855
47787
47718
47650
47582
47514
47445
47377
47309
47241
47172
47104
47036
46968
46899
46831
46763
46694
46626
46558
46490
46421
46353
46285
46217
46148
46080
46012
45944
45875
45807
45739
45671
45602
45534
45466
45397
45329
45261
45193
45124
45056
44988
44920
44851
44783
44715
44647
44578
44510
44442
44373
44305
44237
44169
44100
44032
43964
43896
43827
43759
43691
43623
43554
43486
43418
43350
43281
43213
43145
43076
43008
42940
42872
42803
42735
42667
42599
42530
42462
42394
42326
42257
42189
42121
42052
41984
41916
41848
41779
41711
41643
41575
41506
41438
41370
41302
41233
41165
41097
41029
40960
40892
40824
40755
40687
40619
40551
40482
40414
40346
40278
40209
40141
40073
40005
39936
39868
39800
39731
39663
39595
39527
39458
39390
39322
39254
39185
39117
39049
38981
38912
38844
38776
38708
38639
38571
38503
38434
38366
38298
38230
38161
38093
38025
37957
37888
37820
37752
37684
37615
37547
37479
37410
37342
37274
37206
37137
37069
37001
36933
36864
36796
36728
36660
36591
36523
36455
36387
36318
36250
36182
36113
36045
35977
35909
35840
35772
35704
35636
35567
35499
35431
35363
35294
35226
35158
35089
35021
34953
34885
34816
34748
34680
34612
34543
34475
34407
34339
34270
34202
34134
34066
33997
33929
33861
33792
33724
33656
33588
33519
33451
33383
33315
33246
33178
33110
33042
32973
32905
32837
32768
32768
32768
32768
32768
32768
32768
32768
32768
32768
32768
32768
32768
32768
32768
32768
32768
32768
32768
32768
32768
32768
32768
32768
32768
32768
32768
32768
32768
32768
32768
32768
32768
32768
32768
32768
32768
32768
32768
32768
32768
32768
32768
32768
32768
32768
32768
32768
32768
32768
32768
32768
32768
32768
32768
32768
32768
32768
32768
32768
32768
32768
32768
32768
32768
32768
32768
32768
32768
32768
32768
32768
32768
32768
32768
32768
32768
32768
32768
32768
32768
32768
32768
32768
32768
32768
32768
32768
32768
32768
32768
32768
32768
32768
32768
32768
32768
32768
32768
32768
32768
32768
32768
32768
32768
32768
32768
32768
32768
32768
32768
32768
32768
32768
32768
32768
32768
32768
32768
32768
32768
32768
32768
32768
32768
32768
32768
32768
32768
32768
32768
32768
32768
32768
32768
32768
32768
32768
32768
32768
32768
32768
32768
32768
32768
32768
32768
32768
32768
32768
32768
32768
32768
32768
32768
32768
32768
32768
32768
32768
32768
32768
32768
32768
32768
32768
32768
32768
32768
32768
32768
32768
32768
32768
32768
32768
32768
32768
32768
32768
32768
32768
32768
32768
32768
32768
32768
32768
32768
32768
32768
32768
32768
32768
32768
32768
32768
32768
32768
32768
32768
32768
32768
32768
32768
32768
32768
32768
32768
32768
32768
32768
32768
32768
32768
32768
32768
32768
32768
32768
32768
32768
32768
32768
32768
32768
32768
32768
32768
32768
32768
32768
32768
32768
32768
32768
32768
32768
32768
32768
32768
32768
32768
32768
32768
32768
32768
32768
32768
32768
32768
32768
32768
32768
32768
32768
32768
32768
32768
32768
32768
32768
32768
32768
32768
32768
32768
32768
32768
32768
32768
32768
32768
32768
32768
32768
32768
32768
32768
32768
32768
32768
32768
32768
32768
32768
32768
32768
32768
32768
32768
32768
32768
32768
32768
32768
32768
32768
32768
32768
32768
32768
32768
32768
32768
32768
32768
32768
32768
32768
32768
32768
32768
32768
32768
32768
32768
32768
32768
32768
32768
32768
32768
32768
32768
32768
32768
32768
32768
32768
32768
32768
32768
32768
32768
32768
32768
32768
32768
32768
32768
32768
32768
32768
32768
32768
32768
32768
32768
32768
32768
32768
32768
32768
32768
32768
32768
32768
32768
32768
32768
32768
32768
32768
32768
32768
32768
32768
32768
32768
32768
32768
32768
32768
32768
32768
32768
32768
32768
32768
32768
32768
32768
32768
32768
32768
32768
32768
32768
32768
32768
32768
32768
32768
32768
32768
32768
32768
32768
32768
32768
32768
32768
32768
32768
32768
32768
32768
32768
32768
32768
32768
32768
32768
32768
32768
32768
32768
32768
32768
32768
32768
32768
32768
32768
32768
32768
32768
32768
32768
32768
32768
32768
32768
32768
32768
32768
32768
32768
32768
32768
32768
32768
32768
32768
32768
32768
32768
32768
32768
32768
32768
32768
32768
32768
32768
32768
32768
32768
32768
32768
32768
32768
32768
32768
32768
32768
32768
32768
32768
32768
32768
32768
32768
32768
32768
32768
32768
32768
32768
32768
32768
32768
32768
32768
32768
32768
32768
32768
32768
32768
32768
32768
32768
32768
32768
32768
32768
32768
32768
32768
32768
32768
32768
32768
32768
32768
32768
32768
32768
32768
32768
32768
32768
32768
32768
32768
32768
32768
32768
32768
32768
32768
32768
32768
32768
32768
32768
32768
32768
32768
32768
32768
32768
32768
32768
32768
32768
32768
32768
32768
32700
32632
32564
32495
32427
32359
32291
32222
32154
32086
32018
31949
31881
31813
31744
31676
31608
31540
31471
31403
31335
31267
31198
31130
31062
30994
30925
30857
30789
30720
30652
30584
30516
30447
30379
30311
30243
30174
30106
30038
29970
29901
29833
29765
29696
29628
29560
29492
29423
29355
29287
29219
29150
29082
29014
28946
28877
28809
28741
28672
28604
28536
28468
28399
28331
28263
28195
28126
28058
27990
27922
27853
27785
27717
27648
27580
27512
27444
27375
27307
27239
27171
27102
27034
26966
26898
26829
26761
26693
26624
26556
26488
26420
26351
26283
26215
26147
26078
26010
25942
25874
25805
25737
25669
25600
25532
25464
25396
25327
25259
25191
25123
25054
24986
24918
24850
24781
24713
24645
24576
24508
24440
24372
24303
24235
24167
24099
24030
23962
23894
23826
23757
23689
23621
23552
23484
23416
23348
23279
23211
23143
23075
23006
22938
22870
22802
22733
22665
22597
22528
22460
22392
22324
22255
22187
22119
22051
21982
21914
21846
21778
21709
21641
21573
21504
21436
21368
21300
21231
21163
21095
21027
20958
20890
20822
20754
20685
20617
20549
20480
20412
20344
20276
20207
20139
20071
20003
19934
19866
19798
19730
19661
19593
19525
19456
19388
19320
19252
19183
19115
19047
18979
18910
18842
18774
18706
18637
18569
18501
18432
18364
18296
18228
18159
18091
18023
17955
17886
17818
17750
17682
17613
17545
17477
17408
17340
17272
17204
17135
17067
16999
16931
16862
16794
16726
16658
16589
16521
16453
16384
16316
16248
16180
16111
16043
15975
15907
15838
15770
15702
15634
15565
15497
15429
15360
15292
15224
15156
15087
15019
14951
14883
14814
14746
14678
14610
14541
14473
14405
14336
14268
14200
14132
14063
13995
13927
13859
13790
13722
13654
13586
13517
13449
13381
13312
13244
13176
13108
13039
12971
12903
12835
12766
12698
12630
12562
12493
12425
12357
12288
12220
12152
12084
12015
11947
11879
11811
11742
11674
11606
11538
11469
11401
11333
11264
11196
11128
11060
10991
10923
10855
10787
10718
10650
10582
10514
10445
10377
10309
10240
10172
10104
10036
 9967
 9899
 9831
 9763
 9694
 9626
 9558
 9490
 9421
 9353
 9285
 9216
 9148
 9080
 9012
 8943
 8875
 8807
 8739
 8670
 8602
 8534
 8466
 8397
 8329
 8261
 8192
 8124
 8056
 7988
 7919
 7851
 7783
 7715
 7646
 7578
 7510
 7442
 7373
 7305
 7237
 7168
 7100
 7032
 6964
 6895
 6827
 6759
 6691
 6622
 6554
 6486
 6418
 6349
 6281
 6213
 6144
 6076
 6008
 5940
 5871
 5803
 5735
 5667
 5598
 5530
 5462
 5394
 5325
 5257
 5189
 5120
 5052
 4984
 4916
 4847
 4779
 4711
 4643
 4574
 4506
 4438
 4370
 4301
 4233
 4165
 4096
 4028
 3960
 3892
 3823
 3755
 3687
 3619
 3550
 3482
 3414
 3346
 3277
 3209
 3141
 3072
 3004
 2936
 2868
 2799
 2731
 2663
 2595
 2526
 2458
 2390
 2322
 2253
 2185
 2117
 2048
 1980
 1912
 1844
 1775
 1707
 1639
 1571
 1502
 1434
 1366
 1298
 1229
 1161
 1093
 1024
  956
  888
  820
  751
  683
  615
  547
  478
  410
  342
  274
  205
  137
   69
    0
    0
    0
    0
    0
    0
    0
    0
    0
    0
    0
    0
    0
    0
    0
    0
    0
    0
    0
    0
    0
    0
    0
    0
    0
    0
    0
    0
    0
    0
    0
    0
    0
    0
    0
    0
    0
    0
    0
    0
    0
    0
    0
    0
    0
    0
    0
    0
    0
    0
    0
    0
    0
    0
    0
    0
    0
    0
    0
    0
    0
    0
    0
    0
    0
    0
    0
    0
    0
    0
    0
    0
    0
    0
    0
    0
    0
    0
    0
    0
    0
    0
    0
    0
    0
    0
    0
    0
    0
    0
    0
    0
    0
    0
    0
    0
    0
