     0 -30000 -30000 -30000
  1656 -29451 -30000 -28902
  3307 -28901 -30000 -27801
  5129 -28351 -30000 -26701
  6753 -27801 -30000 -25602
  8356 -27251 -30000 -24502
 10107 -26701 -30000 -23401
 11650 -26151 -30000 -22301
 13324 -25601 -30000 -21202
 14787 -25051 -30000 -20102
 16205 -24501 -30000 -19001
 17723 -23951 -30000 -17901
 19032 -23401 -30000 -16802
 20418 -22851 -30000 -15702
 21600 -22301 -30000 -14601
 22716 -21751 -30000 -13501
 23875 -21201 -30000 -12402
 24841 -20651 -30000 -11302
 25732 -20101 -30000 -10201
 26629 -19551 -30000  -9101
 27351 -19001 -30000  -8002
 28056 -18451 -30000  -6902
 28599 -17901 -30000  -5801
 29056 -17351 -30000  -4701
 29459 -16801 -30000  -3602
 29727 -16251 -30000  -2502
 29919 -15701 -30000  -1401
 29995 -15151 -30000   -301
 29980 -14601 -30000    798
 29856 -14051 -30000   1898
 29648 -13501 -30000   2999
 29350 -12951 -30000   4099
 28913 -12401 -30000   5198
 28428 -11851 -30000   6298
 27786 -11301 -30000   7399
 27120 -10751 -30000   8499
 26370 -10201 -30000   9598
 25444  -9651 -30000  10698
 24528  -9101 -30000  11799
 23422  -8551 -30000  12899
 22352  -8001 -30000  13998
 21213  -7451 -30000  15098
 19872  -6901 -30000  16199
 18602  -6351 -30000  17299
 17123  -5801 -30000  18398
 15738  -5251 -30000  19498
 14304  -4701 -30000  20599
 12660  -4151 -30000  21699
 11140  -3601 -30000  22798
  9585  -3051 -30000  23898
  7824  -2501 -30000  24999
  6213  -1951 -30000  26099
  4402  -1401 -30000  27198
  2757   -851 -30000  28298
  1104   -301 -30000  29399
  -736    249  30000  29501
 -2390    799  30000  28402
 -4220   1349  30000  27302
 -5853   1899  30000  26201
 -7468   2449  30000  25101
 -9235   2999  30000  24002
-10797   3549  30000  22902
-12325   4099  30000  21801
-13979   4649  30000  20701
-15423   5199  30000  19602
-16972   5749  30000  18501
-18311   6299  30000  17401
-19595   6849  30000  16301
-20951   7399  30000  15202
-22104   7949  30000  14101
-23307   8499  30000  13001
-24314   9049  30000  11901
-25247   9599  30000  10802
-26193  10149  30000   9701
-26960  10699  30000   8601
-27716  11250  30000   7500
-28308  11799  30000   6402
-28813  12349  30000   5301
-29271  12899  30000   4201
-29589  13449  30000   3102
-29817  13999  30000   2002
-29964  14549  30000    901
-29999  15099  30000   -199
-29932  15649  30000  -1298
-29774  16199  30000  -2398
-29526  16749  30000  -3499
-29145  17299  30000  -4599
-28708  17849  30000  -5698
-28120  18399  30000  -6798
-27500  18949  30000  -7899
-26797  19499  30000  -8999
-25919  20049  30000 -10098
-25046  20599  30000 -11198
-24096  21149  30000 -12299
-22955  21699  30000 -13399
-21854  22249  30000 -14498
-20553  22799  30000 -15598
-19315  23349  30000 -16699
-18018  23899  30000 -17799
-16514  24449  30000 -18898
-15106  24999  30000 -19998
-13488  25549  30000 -21099
-11989  26099  30000 -22199
-10453  26649  30000 -23298
 -8709  27199  30000 -24398
 -7111  27749  30000 -25499
 -5491  28299  30000 -26599
 -3672  28849  30000 -27698
 -2023  29399  30000 -28798
  -184  29949  30000 -29899
  1472 -29501 -30000 -29001
  3124 -28951 -30000 -27902
  4947 -28401 -30000 -26802
  6573 -27851 -30000 -25701
  8356 -27301 -30000 -24601
  9933 -26751 -30000 -23502
 11481 -26201 -30000 -22402
 13158 -25651 -30000 -21301
 14627 -25101 -30000 -20201
 16205 -24551 -30000 -19102
 17574 -24001 -30000 -18002
 18889 -23451 -30000 -16901
 20283 -22901 -30000 -15801
 21472 -22351 -30000 -14702
 22596 -21801 -30000 -13602
 23763 -21251 -30000 -12501
 24738 -20701 -30000 -11401
 25732 -20151 -30000 -10302
 26544 -19601 -30000  -9202
 27275 -19051 -30000  -8101
 27990 -18501 -30000  -7001
 28543 -17951 -30000  -5902
 29056 -17401 -30000  -4802
 29424 -16851 -30000  -3701
 29702 -16301 -30000  -2601
 29905 -15751 -30000  -1502
 29991 -15201 -30000   -402
 29986 -14651 -30000    699
 29873 -14101 -30000   1799
 29675 -13551 -30000   2898
 29350 -13001 -30000   3999
 28962 -12451 -30000   5099
 28486 -11901 -30000   6199
 27855 -11351 -30000   7298
 27198 -10801 -30000   8399
 26370 -10251 -30000   9499
 25541  -9701 -30000  10599
 24633  -9151 -30000  11698
 23537  -8601 -30000  12799
 22474  -8051 -30000  13899
 21213  -7500 -30000  15000
 20010  -6951 -30000  16098
 18746  -6401 -30000  17199
 17274  -5851 -30000  18299
 15894  -5301 -30000  19398
 14466  -4751 -30000  20498
 12827  -4201 -30000  21599
 11310  -3651 -30000  22699
  9585  -3101 -30000  23798
  8001  -2551 -30000  24898
  6393  -2001 -30000  25999
  4584  -1451 -30000  27099
  2941   -901 -30000  28198
  1104   -351 -30000  29298
  -552    199  30000  29601
 -2207    749  30000  28501
 -4037   1299  30000  27402
 -5672   1849  30000  26302
 -7289   2399  30000  25201
 -9060   2949  30000  24101
-10625   3499  30000  23002
-12325   4049  30000  21902
-13816   4599  30000  20801
-15265   5149  30000  19701
-16820   5699  30000  18602
-18165   6249  30000  17502
-19595   6799  30000  16401
-20819   7349  30000  15301
-21980   7899  30000  14202
-23190   8449  30000  13102
-24205   8999  30000  12001
-25147   9549  30000  10901
-26103  10099  30000   9802
-26879  10649  30000   8702
-27645  11199  30000   7601
-28246  11749  30000   6501
-28761  12299  30000   5402
-29230  12849  30000   4302
-29558  13399  30000   3201
-29817  13949  30000   2101
-29954  14499  30000   1002
-30000  15049  30000    -98
-29944  15599  30000  -1199
-29796  16149  30000  -2299
-29526  16699  30000  -3398
-29188  17249  30000  -4498
-28761  17799  30000  -5599
-28184  18349  30000  -6699
-27573  18899  30000  -7798
-26879  19449  30000  -8898
-26011  19999  30000  -9999
-25147  20549  30000 -11099
-24096  21099  30000 -12198
-23073  21649  30000 -13298
-21980  22199  30000 -14399
-20686  22749  30000 -15499
-19455  23299  30000 -16598
-18018  23849  30000 -17698
-16667  24399  30000 -18799
-15265  24949  30000 -19899
-13653  25499  30000 -20998
-12157  26049  30000 -22098
-10625  26599  30000 -23199
 -8885  27149  30000 -24299
 -7289  27699  30000 -25398
 -5491  28249  30000 -26499
 -3855  28799  30000 -27599
 -2207  29349  30000 -28699
  -368  29899  30000 -29798
  1288 -29551 -30000 -29101
  3124 -29001 -30000 -28001
  4766 -28451 -30000 -26901
  6393 -27901 -30000 -25802
  8179 -27351 -30000 -24701
  9759 -26801 -30000 -23601
 11481 -26250 -30000 -22500
 12993 -25701 -30000 -21402
 14466 -25151 -30000 -20301
 16050 -24601 -30000 -19201
 17424 -24051 -30000 -18102
 18746 -23501 -30000 -17002
 20147 -22951 -30000 -15901
 21343 -22401 -30000 -14801
 22596 -21851 -30000 -13702
 23650 -21301 -30000 -12602
 24633 -20751 -30000 -11501
 25637 -20201 -30000 -10401
 26458 -19651 -30000  -9302
 27275 -19101 -30000  -8202
 27923 -18551 -30000  -7101
 28486 -18001 -30000  -6001
 29009 -17451 -30000  -4902
 29387 -16901 -30000  -3802
 29675 -16351 -30000  -2701
 29889 -15801 -30000  -1601
 29986 -15251 -30000   -502
 29986 -14701 -30000    598
 29889 -14151 -30000   1699
 29702 -13601 -30000   2799
 29387 -13051 -30000   3898
 29009 -12501 -30000   4998
 28486 -11951 -30000   6099
 27923 -11401 -30000   7199
 27275 -10851 -30000   8298
 26458 -10301 -30000   9398
 25637  -9751 -30000  10499
 24738  -9201 -30000  11599
 23650  -8651 -30000  12698
 22596  -8101 -30000  13798
 21343  -7551 -30000  14899
 20147  -7001 -30000  15999
 18889  -6451 -30000  17098
 17424  -5901 -30000  18198
 16050  -5351 -30000  19299
 14466  -4801 -30000  20399
 12993  -4251 -30000  21498
 11481  -3701 -30000  22598
  9759  -3151 -30000  23699
  8179  -2601 -30000  24799
  6393  -2051 -30000  25898
  4766  -1501 -30000  26998
  3124   -951 -30000  28099
  1288   -401 -30000  29199
  -368    149  30000  29702
 -2023    699  30000  28602
 -3855   1249  30000  27501
 -5491   1799  30000  26401
 -7289   2349  30000  25302
 -8885   2899  30000  24202
-10453   3449  30000  23101
-12157   3999  30000  22001
-13653   4549  30000  20902
-15265   5099  30000  19802
-16667   5649  30000  18701
-18018   6199  30000  17601
-19455   6749  30000  16502
-20686   7299  30000  15402
-21854   7849  30000  14301
-23073   8399  30000  13201
-24096   8949  30000  12102
-25147   9499  30000  11001
-26011  10049  30000   9901
-26797  10599  30000   8801
-27573  11149  30000   7702
-28184  11699  30000   6601
-28761  12249  30000   5501
-29188  12799  30000   4401
-29526  13349  30000   3302
-29796  13899  30000   2201
-29944  14449  30000   1101
-30000  15000  30000      0
-29954  15549  30000  -1098
-29817  16099  30000  -2199
-29558  16649  30000  -3299
-29230  17199  30000  -4398
-28813  17749  30000  -5498
-28246  18299  30000  -6599
-27645  18849  30000  -7699
-26879  19399  30000  -8798
-26103  19949  30000  -9898
-25247  20499  30000 -10999
-24205  21049  30000 -12099
-23190  21599  30000 -13198
-21980  22149  30000 -14298
-20819  22699  30000 -15399
-19595  23249  30000 -16499
-18165  23799  30000 -17598
-16820  24349  30000 -18698
-15423  24899  30000 -19799
-13816  25449  30000 -20899
-12325  25999  30000 -21998
-10625  26549  30000 -23098
 -9060  27099  30000 -24199
 -7468  27649  30000 -25299
 -5672  28199  30000 -26398
 -4037  28749  30000 -27498
 -2207  29299  30000 -28599
  -552  29849  30000 -29699
  1104 -29601 -30000 -29202
  2941 -29051 -30000 -28102
  4584 -28501 -30000 -27001
  6213 -27951 -30000 -25901
  8001 -27401 -30000 -24802
  9585 -26851 -30000 -23702
 11310 -26301 -30000 -22601
 12827 -25751 -30000 -21501
 14304 -25201 -30000 -20402
 15894 -24651 -30000 -19302
 17274 -24101 -30000 -18201
 18746 -23551 -30000 -17101
 20010 -23001 -30000 -16002
 21213 -22451 -30000 -14902
 22474 -21901 -30000 -13801
 23537 -21351 -30000 -12701
 24633 -20801 -30000 -11602
 25541 -20251 -30000 -10502
 26370 -19701 -30000  -9401
 27198 -19151 -30000  -8301
 27855 -18601 -30000  -7202
 28428 -18051 -30000  -6102
 28962 -17501 -30000  -5001
 29350 -16951 -30000  -3901
 29675 -16401 -30000  -2802
 29873 -15851 -30000  -1702
 29980 -15301 -30000   -601
 29991 -14751 -30000    499
 29905 -14201 -30000   1598
 29702 -13651 -30000   2698
 29424 -13101 -30000   3799
 29056 -12551 -30000   4899
 28543 -12001 -30000   5998
 27990 -11451 -30000   7098
 27351 -10901 -30000   8199
 26544 -10351 -30000   9299
 25732  -9801 -30000  10398
 24738  -9251 -30000  11499
 23763  -8701 -30000  12599
 22716  -8151 -30000  13699
 21472  -7601 -30000  14798
 20283  -7051 -30000  15899
 18889  -6501 -30000  16999
 17574  -5951 -30000  18099
 16205  -5401 -30000  19198
 14627  -4851 -30000  20299
 13158  -4301 -30000  21399
 11481  -3750 -30000  22500
  9933  -3201 -30000  23598
  8356  -2651 -30000  24699
  6573  -2101 -30000  25799
  4947  -1551 -30000  26898
  3307  -1001 -30000  27998
  1472   -451 -30000  29099
  -184     99  30000  29801
 -2023    649  30000  28702
 -3672   1199  30000  27602
 -5310   1749  30000  26501
 -7111   2299  30000  25401
 -8709   2849  30000  24302
-10453   3399  30000  23202
-11989   3949  30000  22101
-13488   4499  30000  21001
-15106   5049  30000  19902
-16514   5599  30000  18802
-17871   6149  30000  17701
-19315   6699  30000  16601
-20553   7249  30000  15502
-21854   7799  30000  14402
-22955   8349  30000  13301
-23986   8899  30000  12201
-25046   9449  30000  11102
-25919   9999  30000  10002
-26797  10549  30000   8901
-27500  11099  30000   7801
-28120  11649  30000   6702
-28708  12199  30000   5602
-29145  12749  30000   4501
-29493  13299  30000   3401
-29774  13849  30000   2302
-29932  14399  30000   1202
-29999  14949  30000    101
-29964  15499  30000   -999
-29837  16049  30000  -2098
-29589  16599  30000  -3198
-29271  17149  30000  -4299
-28813  17699  30000  -5399
-28308  18249  30000  -6498
-27716  18799  30000  -7598
-26960  19349  30000  -8699
-26193  19899  30000  -9799
-25247  20449  30000 -10898
-24314  20999  30000 -11998
-23307  21549  30000 -13099
-22104  22099  30000 -14199
-20951  22649  30000 -15298
-19734  23199  30000 -16398
-18311  23749  30000 -17499
-16972  24299  30000 -18599
-15423  24849  30000 -19698
-13979  25399  30000 -20798
-12493  25949  30000 -21899
-10797  26499  30000 -22999
 -9235  27049  30000 -24098
 -7468  27599  30000 -25198
 -5853  28149  30000 -26299
 -4220  28699  30000 -27399
 -2390  29249  30000 -28498
  -736  29799  30000 -29598
   920 -29651 -30000 -29301
  2757 -29101 -30000 -28201
  4402 -28551 -30000 -27102
  6213 -28001 -30000 -26001
  7824 -27451 -30000 -24901
  9410 -26901 -30000 -23801
 11140 -26351 -30000 -22702
 12660 -25801 -30000 -21601
 14304 -25251 -30000 -20501
 15738 -24701 -30000 -19401
 17123 -24151 -30000 -18302
 18602 -23601 -30000 -17201
 19872 -23051 -30000 -16101
 21213 -22500 -30000 -15000
 22352 -21951 -30000 -13902
 23422 -21401 -30000 -12801
 24528 -20851 -30000 -11701
 25444 -20301 -30000 -10602
 26282 -19751 -30000  -9502
 27120 -19201 -30000  -8401
 27786 -18651 -30000  -7301
 28428 -18101 -30000  -6202
 28913 -17551 -30000  -5102
 29311 -17001 -30000  -4001
 29648 -16451 -30000  -2901
 29856 -15901 -30000  -1802
 29980 -15351 -30000   -702
 29995 -14801 -30000    399
 29919 -14251 -30000   1499
 29727 -13701 -30000   2598
 29459 -13151 -30000   3698
 29101 -12601 -30000   4799
 28599 -12051 -30000   5899
 28056 -11501 -30000   6998
 27351 -10951 -30000   8098
 26629 -10401 -30000   9199
 25826  -9851 -30000  10299
 24841  -9301 -30000  11398
 23875  -8751 -30000  12498
 22716  -8201 -30000  13599
 21600  -7651 -30000  14699
 20418  -7101 -30000  15798
 19032  -6551 -30000  16898
 17723  -6001 -30000  17999
 16360  -5451 -30000  19099
 14787  -4901 -30000  20198
 13324  -4351 -30000  21298
 11650  -3801 -30000  22399
 10107  -3251 -30000  23499
  8532  -2701 -30000  24598
  6753  -2151 -30000  25698
  5129  -1601 -30000  26799
  3307  -1051 -30000  27899
  1656   -501 -30000  28998
     0     49  30000  29902
 -1840    599  30000  28801
 -3490   1149  30000  27701
 -5310   1699  30000  26602
 -6932   2249  30000  25502
 -8532   2799  30000  24401
-10280   3349  30000  23301
-11820   3899  30000  22202
-13324   4449  30000  21102
-14947   4999  30000  20001
-16360   5549  30000  18901
-17871   6099  30000  17802
-19174   6649  30000  16702
-20418   7199  30000  15601
-21727   7749  30000  14501
-22836   8299  30000  13402
-23986   8849  30000  12302
-24944   9399  30000  11201
-25826   9949  30000  10101
-26713  10499  30000   9002
-27426  11049  30000   7902
-28056  11599  30000   6801
-28654  12149  30000   5701
-29101  12699  30000   4602
-29493  13249  30000   3501
-29751  13799  30000   2401
-29919  14349  30000   1301
-29998  14899  30000    202
-29972  15449  30000   -899
-29837  15999  30000  -1999
-29619  16549  30000  -3099
-29311  17099  30000  -4198
-28864  17649  30000  -5299
-28368  18199  30000  -6399
-27716  18750  30000  -7500
-27040  19299  30000  -8598
-26282  19849  30000  -9699
-25346  20399  30000 -10799
-24421  20949  30000 -11898
-23422  21499  30000 -12998
-22229  22049  30000 -14099
-21083  22599  30000 -15199
-19734  23149  30000 -16298
-18457  23699  30000 -17398
-17123  24249  30000 -18499
-15581  24799  30000 -19599
-14142  25349  30000 -20698
-12493  25899  30000 -21798
-10968  26449  30000 -22899
 -9410  26999  30000 -23999
 -7646  27549  30000 -25098
 -6033  28099  30000 -26198
 -4402  28649  30000 -27299
 -2574  29199  30000 -28399
  -920  29749  30000 -29498
   920 -29701 -30000 -29402
  2574 -29151 -30000 -28301
  4220 -28601 -30000 -27201
  6033 -28051 -30000 -26102
  7646 -27501 -30000 -25002
  9410 -26951 -30000 -23901
 10968 -26401 -30000 -22801
 12493 -25851 -30000 -21702
 14142 -25301 -30000 -20602
 15581 -24751 -30000 -19501
 16972 -24201 -30000 -18401
 18457 -23651 -30000 -17302
 19734 -23101 -30000 -16202
 21083 -22551 -30000 -15101
 22229 -22001 -30000 -14001
 23307 -21451 -30000 -12902
 24421 -20901 -30000 -11802
 25346 -20351 -30000 -10701
 26282 -19801 -30000  -9601
 27040 -19251 -30000  -8502
 27716 -18701 -30000  -7402
 28368 -18151 -30000  -6301
 28864 -17601 -30000  -5201
 29311 -17051 -30000  -4102
 29619 -16501 -30000  -3002
 29837 -15951 -30000  -1901
 29972 -15401 -30000   -801
 29998 -14851 -30000    298
 29932 -14301 -30000   1398
 29751 -13751 -30000   2499
 29493 -13201 -30000   3599
 29101 -12651 -30000   4698
 28654 -12101 -30000   5798
 28120 -11551 -30000   6899
 27426 -11001 -30000   7999
 26713 -10451 -30000   9098
 25826  -9901 -30000  10198
 24944  -9351 -30000  11299
 23986  -8801 -30000  12399
 22836  -8251 -30000  13498
 21727  -7701 -30000  14598
 20553  -7151 -30000  15699
 19174  -6601 -30000  16799
 17871  -6051 -30000  17898
 16360  -5501 -30000  18999
 14947  -4951 -30000  20099
 13488  -4401 -30000  21199
 11820  -3851 -30000  22298
 10280  -3301 -30000  23399
  8532  -2751 -30000  24499
  6932  -2201 -30000  25599
  5310  -1651 -30000  26698
  3490  -1101 -30000  27799
  1840   -551 -30000  28899
     0      0  30000  30000
 -1656    549  30000  28902
 -3307   1099  30000  27801
 -5129   1649  30000  26701
 -6753   2199  30000  25602
 -8356   2749  30000  24502
-10107   3299  30000  23401
-11650   3849  30000  22301
-13324   4399  30000  21202
-14787   4949  30000  20102
-16205   5499  30000  19001
-17723   6049  30000  17901
-19032   6599  30000  16802
-20418   7149  30000  15702
-21600   7699  30000  14601
-22716   8249  30000  13501
-23875   8799  30000  12402
-24841   9349  30000  11302
-25732   9899  30000  10201
-26629  10449  30000   9101
-27351  10999  30000   8002
-28056  11549  30000   6902
-28599  12099  30000   5801
-29056  12649  30000   4701
-29459  13199  30000   3602
-29727  13749  30000   2502
-29919  14299  30000   1401
-29995  14849  30000    301
-29980  15399  30000   -798
-29856  15949  30000  -1898
-29648  16499  30000  -2999
-29350  17049  30000  -4099
-28913  17599  30000  -5198
-28428  18149  30000  -6298
-27786  18699  30000  -7399
-27120  19249  30000  -8499
-26370  19799  30000  -9598
-25444  20349  30000 -10698
-24528  20899  30000 -11799
-23422  21449  30000 -12899
-22352  21999  30000 -13998
-21213  22549  30000 -15098
-19872  23099  30000 -16199
-18602  23649  30000 -17299
-17123  24199  30000 -18398
-15738  24749  30000 -19498
-14304  25299  30000 -20599
-12660  25849  30000 -21699
-11140  26399  30000 -22798
 -9585  26949  30000 -23898
 -7824  27499  30000 -24999
 -6213  28049  30000 -26099
 -4402  28599  30000 -27198
 -2757  29149  30000 -28298
 -1104  29699  30000 -29399
   736 -29751 -30000 -29501
  2390 -29201 -30000 -28402
  4220 -28651 -30000 -27302
  5853 -28101 -30000 -26201
  7468 -27551 -30000 -25101
  9235 -27001 -30000 -24002
 10797 -26451 -30000 -22902
 12325 -25901 -30000 -21801
 13979 -25351 -30000 -20701
 15423 -24801 -30000 -19602
 16972 -24251 -30000 -18501
 18311 -23701 -30000 -17401
 19595 -23151 -30000 -16301
 20951 -22601 -30000 -15202
 22104 -22051 -30000 -14101
 23307 -21501 -30000 -13001
 24314 -20951 -30000 -11901
 25247 -20401 -30000 -10802
 26193 -19851 -30000  -9701
 26960 -19301 -30000  -8601
 27716 -18750 -30000  -7500
 28308 -18201 -30000  -6402
 28813 -17651 -30000  -5301
 29271 -17101 -30000  -4201
 29589 -16551 -30000  -3102
 29817 -16001 -30000  -2002
 29964 -15451 -30000   -901
 29999 -14901 -30000    199
 29932 -14351 -30000   1298
 29774 -13801 -30000   2398
 29526 -13251 -30000   3499
 29145 -12701 -30000   4599
 28708 -12151 -30000   5698
 28120 -11601 -30000   6798
 27500 -11051 -30000   7899
 26797 -10501 -30000   8999
 25919  -9951 -30000  10098
 25046  -9401 -30000  11198
 24096  -8851 -30000  12299
 22955  -8301 -30000  13399
 21854  -7751 -30000  14498
 20553  -7201 -30000  15598
 19315  -6651 -30000  16699
 18018  -6101 -30000  17799
 16514  -5551 -30000  18898
 15106  -5001 -30000  19998
 13488  -4451 -30000  21099
 11989  -3901 -30000  22199
 10453  -3351 -30000  23298
  8709  -2801 -30000  24398
  7111  -2251 -30000  25499
  5491  -1701 -30000  26599
  3672  -1151 -30000  27698
  2023   -601 -30000  28798
   184    -51 -30000  29899
 -1472    499  30000  29001
 -3124   1049  30000  27902
 -4947   1599  30000  26802
 -6573   2149  30000  25701
 -8356   2699  30000  24601
 -9933   3249  30000  23502
-11481   3799  30000  22402
-13158   4349  30000  21301
-14627   4899  30000  20201
-16205   5449  30000  19102
-17574   5999  30000  18002
-18889   6549  30000  16901
-20283   7099  30000  15801
-21472   7649  30000  14702
-22596   8199  30000  13602
-23763   8749  30000  12501
-24738   9299  30000  11401
-25732   9849  30000  10302
-26544  10399  30000   9202
-27275  10949  30000   8101
-27990  11499  30000   7001
-28543  12049  30000   5902
-29056  12599  30000   4802
-29424  13149  30000   3701
-29702  13699  30000   2601
-29905  14249  30000   1502
-29991  14799  30000    402
-29986  15349  30000   -699
-29873  15899  30000  -1799
-29675  16449  30000  -2898
-29350  16999  30000  -3999
-28962  17549  30000  -5099
-28486  18099  30000  -6199
-27855  18649  30000  -7298
-27198  19199  30000  -8399
-26370  19749  30000  -9499
-25541  20299  30000 -10599
-24633  20849  30000 -11698
-23537  21399  30000 -12799
-22474  21949  30000 -13899
-21213  22500  30000 -15000
-20010  23049  30000 -16098
-18746  23599  30000 -17199
-17274  24149  30000 -18299
-15894  24699  30000 -19398
-14466  25249  30000 -20498
-12827  25799  30000 -21599
-11310  26349  30000 -22699
 -9585  26899  30000 -23798
 -8001  27449  30000 -24898
 -6393  27999  30000 -25999
 -4584  28549  30000 -27099
 -2941  29099  30000 -28198
 -1104  29649  30000 -29298
   552 -29801 -30000 -29601
  2207 -29251 -30000 -28501
  4037 -28701 -30000 -27402
  5672 -28151 -30000 -26302
  7289 -27601 -30000 -25201
  9060 -27051 -30000 -24101
 10625 -26501 -30000 -23002
 12325 -25951 -30000 -21902
 13816 -25401 -30000 -20801
 15265 -24851 -30000 -19701
 16820 -24301 -30000 -18602
 18165 -23751 -30000 -17502
 19595 -23201 -30000 -16401
 20819 -22651 -30000 -15301
 21980 -22101 -30000 -14202
 23190 -21551 -30000 -13102
 24205 -21001 -30000 -12001
 25147 -20451 -30000 -10901
 26103 -19901 -30000  -9802
 26879 -19351 -30000  -8702
 27645 -18801 -30000  -7601
 28246 -18251 -30000  -6501
 28761 -17701 -30000  -5402
 29230 -17151 -30000  -4302
 29558 -16601 -30000  -3201
 29817 -16051 -30000  -2101
 29954 -15501 -30000  -1002
 30000 -14951 -30000     98
 29944 -14401 -30000   1199
 29796 -13851 -30000   2299
 29526 -13301 -30000   3398
 29188 -12751 -30000   4498
 28761 -12201 -30000   5599
 28184 -11651 -30000   6699
 27573 -11101 -30000   7798
 26879 -10551 -30000   8898
 26011 -10001 -30000   9999
 25147  -9451 -30000  11099
 24096  -8901 -30000  12198
 23073  -8351 -30000  13298
 21980  -7801 -30000  14399
 20686  -7251 -30000  15499
 19455  -6701 -30000  16598
 18018  -6151 -30000  17698
 16667  -5601 -30000  18799
 15265  -5051 -30000  19899
 13653  -4501 -30000  20998
 12157  -3951 -30000  22098
 10625  -3401 -30000  23199
  8885  -2851 -30000  24299
  7289  -2301 -30000  25398
  5491  -1751 -30000  26499
  3855  -1201 -30000  27599
  2207   -651 -30000  28699
   368   -101 -30000  29798
 -1288    449  30000  29101
 -3124    999  30000  28001
 -4766   1549  30000  26901
 -6393   2099  30000  25802
 -8179   2649  30000  24701
 -9759   3199  30000  23601
-11481   3750  30000  22500
-12993   4299  30000  21402
-14466   4849  30000  20301
-16050   5399  30000  19201
-17424   5949  30000  18102
-18746   6499  30000  17002
-20147   7049  30000  15901
-21343   7599  30000  14801
-22596   8149  30000  13702
-23650   8699  30000  12602
-24633   9249  30000  11501
-25637   9799  30000  10401
-26458  10349  30000   9302
-27275  10899  30000   8202
-27923  11449  30000   7101
-28486  11999  30000   6001
-29009  12549  30000   4902
-29387  13099  30000   3802
-29675  13649  30000   2701
-29889  14199  30000   1601
-29986  14749  30000    502
-29986  15299  30000   -598
-29889  15849  30000  -1699
-29702  16399  30000  -2799
-29387  16949  30000  -3898
-29009  17499  30000  -4998
-28486  18049  30000  -6099
-27923  18599  30000  -7199
-27275  19149  30000  -8298
-26458  19699  30000  -9398
-25637  20249  30000 -10499
-24738  20799  30000 -11599
-23650  21349  30000 -12698
-22596  21899  30000 -13798
-21343  22449  30000 -14899
-20147  22999  30000 -15999
-18889  23549  30000 -17098
-17424  24099  30000 -18198
-16050  24649  30000 -19299
-14466  25199  30000 -20399
-12993  25749  30000 -21498
-11481  26299  30000 -22598
 -9759  26849  30000 -23699
 -8179  27399  30000 -24799
 -6393  27949  30000 -25898
 -4766  28499  30000 -26998
 -3124  29049  30000 -28099
 -1288  29599  30000 -29199
   368 -29851 -30000 -29702
  2023 -29301 -30000 -28602
  3855 -28751 -30000 -27501
  5491 -28201 -30000 -26401
  7289 -27651 -30000 -25302
  8885 -27101 -30000 -24202
 10453 -26551 -30000 -23101
 12157 -26001 -30000 -22001
 13653 -25451 -30000 -20902
 15265 -24901 -30000 -19802
 16667 -24351 -30000 -18701
 18018 -23801 -30000 -17601
 19455 -23251 -30000 -16502
 20686 -22701 -30000 -15402
 21854 -22151 -30000 -14301
 23073 -21601 -30000 -13201
 24096 -21051 -30000 -12102
 25147 -20501 -30000 -11001
 26011 -19951 -30000  -9901
 26797 -19401 -30000  -8801
 27573 -18851 -30000  -7702
 28184 -18301 -30000  -6601
 28761 -17751 -30000  -5501
 29188 -17201 -30000  -4401
 29526 -16651 -30000  -3302
 29796 -16101 -30000  -2201
 29944 -15551 -30000  -1101
 30000 -15000 -30000      0
 29954 -14451 -30000   1098
 29817 -13901 -30000   2199
 29558 -13351 -30000   3299
 29230 -12801 -30000   4398
 28813 -12251 -30000   5498
 28246 -11701 -30000   6599
 27645 -11151 -30000   7699
 26879 -10601 -30000   8798
 26103 -10051 -30000   9898
 25247  -9501 -30000  10999
 24205  -8951 -30000  12099
 23190  -8401 -30000  13198
 21980  -7851 -30000  14298
 20819  -7301 -30000  15399
 19595  -6751 -30000  16499
 18165  -6201 -30000  17598
 16820  -5651 -30000  18698
 15423  -5101 -30000  19799
 13816  -4551 -30000  20899
 12325  -4001 -30000  21998
 10625  -3451 -30000  23098
  9060  -2901 -30000  24199
  7468  -2351 -30000  25299
  5672  -1801 -30000  26398
  4037  -1251 -30000  27498
  2207   -701 -30000  28599
   552   -151 -30000  29699
 -1104    399  30000  29202
 -2941    949  30000  28102
 -4584   1499  30000  27001
 -6213   2049  30000  25901
 -8001   2599  30000  24802
 -9585   3149  30000  23702
-11310   3699  30000  22601
-12827   4249  30000  21501
-14304   4799  30000  20402
-15894   5349  30000  19302
-17274   5899  30000  18201
-18746   6449  30000  17101
-20010   6999  30000  16002
-21213   7549  30000  14902
-22474   8099  30000  13801
-23537   8649  30000  12701
-24633   9199  30000  11602
-25541   9749  30000  10502
-26370  10299  30000   9401
-27198  10849  30000   8301
-27855  11399  30000   7202
-28428  11949  30000   6102
-28962  12499  30000   5001
-29350  13049  30000   3901
-29675  13599  30000   2802
-29873  14149  30000   1702
-29980  14699  30000    601
-29991  15249  30000   -499
-29905  15799  30000  -1598
-29702  16349  30000  -2698
-29424  16899  30000  -3799
-29056  17449  30000  -4899
-28543  17999  30000  -5998
-27990  18549  30000  -7098
-27351  19099  30000  -8199
-26544  19649  30000  -9299
-25732  20199  30000 -10398
-24738  20749  30000 -11499
-23763  21299  30000 -12599
-22716  21849  30000 -13699
-21472  22399  30000 -14798
-20283  22949  30000 -15899
-18889  23499  30000 -16999
-17574  24049  30000 -18099
-16205  24599  30000 -19198
-14627  25149  30000 -20299
-13158  25699  30000 -21399
-11481  26250  30000 -22500
 -9933  26799  30000 -23598
 -8356  27349  30000 -24699
 -6573  27899  30000 -25799
 -4947  28449  30000 -26898
 -3307  28999  30000 -27998
 -1472  29549  30000 -29099
   184 -29901 -30000 -29801
  2023 -29351 -30000 -28702
  3672 -28801 -30000 -27602
  5310 -28251 -30000 -26501
  7111 -27701 -30000 -25401
  8709 -27151 -30000 -24302
 10453 -26601 -30000 -23202
 11989 -26051 -30000 -22101
 13488 -25501 -30000 -21001
 15106 -24951 -30000 -19902
 16514 -24401 -30000 -18802
 17871 -23851 -30000 -17701
 19315 -23301 -30000 -16601
 20553 -22751 -30000 -15502
 21854 -22201 -30000 -14402
 22955 -21651 -30000 -13301
 23986 -21101 -30000 -12201
 25046 -20551 -30000 -11102
 25919 -20001 -30000 -10002
 26797 -19451 -30000  -8901
 27500 -18901 -30000  -7801
 28120 -18351 -30000  -6702
 28708 -17801 -30000  -5602
 29145 -17251 -30000  -4501
 29493 -16701 -30000  -3401
 29774 -16151 -30000  -2302
 29932 -15601 -30000  -1202
 29999 -15051 -30000   -101
 29964 -14501 -30000    999
 29837 -13951 -30000   2098
 29589 -13401 -30000   3198
 29271 -12851 -30000   4299
 28813 -12301 -30000   5399
 28308 -11751 -30000   6498
 27716 -11201 -30000   7598
 26960 -10651 -30000   8699
 26193 -10101 -30000   9799
 25247  -9551 -30000  10898
 24314  -9001 -30000  11998
 23307  -8451 -30000  13099
 22104  -7901 -30000  14199
 20951  -7351 -30000  15298
 19734  -6801 -30000  16398
 18311  -6251 -30000  17499
 16972  -5701 -30000  18599
 15423  -5151 -30000  19698
 13979  -4601 -30000  20798
 12493  -4051 -30000  21899
 10797  -3501 -30000  22999
  9235  -2951 -30000  24098
  7468  -2401 -30000  25198
  5853  -1851 -30000  26299
  4220  -1301 -30000  27399
  2390   -751 -30000  28498
   736   -201 -30000  29598
  -920    349  30000  29301
 -2757    899  30000  28201
 -4402   1449  30000  27102
 -6213   1999  30000  26001
 -7824   2549  30000  24901
 -9410   3099  30000  23801
-11140   3649  30000  22702
-12660   4199  30000  21601
-14304   4749  30000  20501
-15738   5299  30000  19401
-17123   5849  30000  18302
-18602   6399  30000  17201
-19872   6949  30000  16101
-21213   7500  30000  15000
-22352   8049  30000  13902
-23422   8599  30000  12801
-24528   9149  30000  11701
-25444   9699  30000  10602
-26282  10249  30000   9502
-27120  10799  30000   8401
-27786  11349  30000   7301
-28428  11899  30000   6202
-28913  12449  30000   5102
-29311  12999  30000   4001
-29648  13549  30000   2901
-29856  14099  30000   1802
-29980  14649  30000    702
-29995  15199  30000   -399
-29919  15749  30000  -1499
-29727  16299  30000  -2598
-29459  16849  30000  -3698
-29101  17399  30000  -4799
-28599  17949  30000  -5899
-28056  18499  30000  -6998
-27351  19049  30000  -8098
-26629  19599  30000  -9199
-25826  20149  30000 -10299
-24841  20699  30000 -11398
-23875  21249  30000 -12498
-22716  21799  30000 -13599
-21600  22349  30000 -14699
-20418  22899  30000 -15798
-19032  23449  30000 -16898
-17723  23999  30000 -17999
-16360  24549  30000 -19099
-14787  25099  30000 -20198
-13324  25649  30000 -21298
-11650  26199  30000 -22399
-10107  26749  30000 -23499
 -8532  27299  30000 -24598
 -6753  27849  30000 -25698
 -5129  28399  30000 -26799
 -3307  28949  30000 -27899
 -1656  29499  30000 -28998
     0 -29951 -30000 -29902
  1840 -29401 -30000 -28801
  3490 -28851 -30000 -27701
  5310 -28301 -30000 -26602
  6932 -27751 -30000 -25502
  8532 -27201 -30000 -24401
 10280 -26651 -30000 -23301
 11820 -26101 -30000 -22202
 13324 -25551 -30000 -21102
 14947 -25001 -30000 -20001
 16360 -24451 -30000 -18901
 17871 -23901 -30000 -17802
 19174 -23351 -30000 -16702
 20418 -22801 -30000 -15601
 21727 -22251 -30000 -14501
 22836 -21701 -30000 -13402
 23986 -21151 -30000 -12302
 24944 -20601 -30000 -11201
 25826 -20051 -30000 -10101
 26713 -19501 -30000  -9002
 27426 -18951 -30000  -7902
 28056 -18401 -30000  -6801
 28654 -17851 -30000  -5701
 29101 -17301 -30000  -4602
 29493 -16751 -30000  -3501
 29751 -16201 -30000  -2401
 29919 -15651 -30000  -1301
 29998 -15101 -30000   -202
 29972 -14551 -30000    899
 29837 -14001 -30000   1999
 29619 -13451 -30000   3099
 29311 -12901 -30000   4198
 28864 -12351 -30000   5299
 28368 -11801 -30000   6399
 27716 -11250 -30000   7500
 27040 -10701 -30000   8598
 26282 -10151 -30000   9699
 25346  -9601 -30000  10799
 24421  -9051 -30000  11898
 23422  -8501 -30000  12998
 22229  -7951 -30000  14099
 21083  -7401 -30000  15199
 19734  -6851 -30000  16298
 18457  -6301 -30000  17398
 17123  -5751 -30000  18499
 15581  -5201 -30000  19599
 14142  -4651 -30000  20698
 12493  -4101 -30000  21798
 10968  -3551 -30000  22899
  9410  -3001 -30000  23999
  7646  -2451 -30000  25098
  6033  -1901 -30000  26198
  4402  -1351 -30000  27299
  2574   -801 -30000  28399
   920   -251 -30000  29498
  -920    299  30000  29402
 -2574    849  30000  28301
 -4220   1399  30000  27201
 -6033   1949  30000  26102
 -7646   2499  30000  25002
 -9410   3049  30000  23901
-10968   3599  30000  22801
-12493   4149  30000  21702
-14142   4699  30000  20602
-15581   5249  30000  19501
-16972   5799  30000  18401
-18457   6349  30000  17302
-19734   6899  30000  16202
-21083   7449  30000  15101
-22229   7999  30000  14001
-23307   8549  30000  12902
-24421   9099  30000  11802
-25346   9649  30000  10701
-26282  10199  30000   9601
-27040  10749  30000   8502
-27716  11299  30000   7402
-28368  11849  30000   6301
-28864  12399  30000   5201
-29311  12949  30000   4102
-29619  13499  30000   3002
-29837  14049  30000   1901
-29972  14599  30000    801
-29998  15149  30000   -298
-29932  15699  30000  -1398
-29751  16249  30000  -2499
-29493  16799  30000  -3599
-29101  17349  30000  -4698
-28654  17899  30000  -5798
-28120  18449  30000  -6899
-27426  18999  30000  -7999
-26713  19549  30000  -9098
-25826  20099  30000 -10198
-24944  20649  30000 -11299
-23986  21199  30000 -12399
-22836  21749  30000 -13498
-21727  22299  30000 -14598
-20553  22849  30000 -15699
-19174  23399  30000 -16799
-17871  23949  30000 -17898
-16360  24499  30000 -18999
-14947  25049  30000 -20099
-13488  25599  30000 -21199
-11820  26149  30000 -22298
-10280  26699  30000 -23399
 -8532  27249  30000 -24499
 -6932  27799  30000 -25599
 -5310  28349  30000 -26698
 -3490  28899  30000 -27799
 -1840  29449  30000 -28899
     0 -30000 -30000 -30000
  1656 -29451 -30000 -28902
  3307 -28901 -30000 -27801
  5129 -28351 -30000 -26701
  6753 -27801 -30000 -25602
  8356 -27251 -30000 -24502
 10107 -26701 -30000 -23401
 11650 -26151 -30000 -22301
 13324 -25601 -30000 -21202
 14787 -25051 -30000 -20102
 16205 -24501 -30000 -19001
 17723 -23951 -30000 -17901
 19032 -23401 -30000 -16802
 20418 -22851 -30000 -15702
 21600 -22301 -30000 -14601
 22716 -21751 -30000 -13501
 23875 -21201 -30000 -12402
 24841 -20651 -30000 -11302
 25732 -20101 -30000 -10201
 26629 -19551 -30000  -9101
 27351 -19001 -30000  -8002
 28056 -18451 -30000  -6902
 28599 -17901 -30000  -5801
 29056 -17351 -30000  -4701
 29459 -16801 -30000  -3602
 29727 -16251 -30000  -2502
 29919 -15701 -30000  -1401
 29995 -15151 -30000   -301
 29980 -14601 -30000    798
 29856 -14051 -30000   1898
 29648 -13501 -30000   2999
 29350 -12951 -30000   4099
 28913 -12401 -30000   5198
 28428 -11851 -30000   6298
 27786 -11301 -30000   7399
 27120 -10751 -30000   8499
 26370 -10201 -30000   9598
 25444  -9651 -30000  10698
 24528  -9101 -30000  11799
 23422  -8551 -30000  12899
 22352  -8001 -30000  13998
 21213  -7451 -30000  15098
 19872  -6901 -30000  16199
 18602  -6351 -30000  17299
 17123  -5801 -30000  18398
 15738  -5251 -30000  19498
 14304  -4701 -30000  20599
 12660  -4151 -30000  21699
 11140  -3601 -30000  22798
  9585  -3051 -30000  23898
  7824  -2501 -30000  24999
  6213  -1951 -30000  26099
  4402  -1401 -30000  27198
  2757   -851 -30000  28298
  1104   -301 -30000  29399
  -736    249  30000  29501
 -2390    799  30000  28402
 -4220   1349  30000  27302
 -5853   1899  30000  26201
 -7468   2449  30000  25101
 -9235   2999  30000  24002
-10797   3549  30000  22902
-12325   4099  30000  21801
-13979   4649  30000  20701
-15423   5199  30000  19602
-16972   5749  30000  18501
-18311   6299  30000  17401
-19595   6849  30000  16301
-20951   7399  30000  15202
-22104   7949  30000  14101
-23307   8499  30000  13001
-24314   9049  30000  11901
-25247   9599  30000  10802
-26193  10149  30000   9701
-26960  10699  30000   8601
-27716  11250  30000   7500
-28308  11799  30000   6402
-28813  12349  30000   5301
-29271  12899  30000   4201
-29589  13449  30000   3102
-29817  13999  30000   2002
-29964  14549  30000    901
-29999  15099  30000   -199
-29932  15649  30000  -1298
-29774  16199  30000  -2398
-29526  16749  30000  -3499
-29145  17299  30000  -4599
-28708  17849  30000  -5698
-28120  18399  30000  -6798
-27500  18949  30000  -7899
-26797  19499  30000  -8999
-25919  20049  30000 -10098
-25046  20599  30000 -11198
-24096  21149  30000 -12299
-22955  21699  30000 -13399
-21854  22249  30000 -14498
-20553  22799  30000 -15598
-19315  23349  30000 -16699
-18018  23899  30000 -17799
-16514  24449  30000 -18898
-15106  24999  30000 -19998
-13488  25549  30000 -21099
-11989  26099  30000 -22199
-10453  26649  30000 -23298
 -8709  27199  30000 -24398
 -7111  27749  30000 -25499
 -5491  28299  30000 -26599
 -3672  28849  30000 -27698
 -2023  29399  30000 -28798
  -184  29949  30000 -29899
  1472 -29501 -30000 -29001
  3124 -28951 -30000 -27902
  4947 -28401 -30000 -26802
  6573 -27851 -30000 -25701
  8356 -27301 -30000 -24601
  9933 -26751 -30000 -23502
 11481 -26201 -30000 -22402
 13158 -25651 -30000 -21301
 14627 -25101 -30000 -20201
 16205 -24551 -30000 -19102
 17574 -24001 -30000 -18002
 18889 -23451 -30000 -16901
 20283 -22901 -30000 -15801
 21472 -22351 -30000 -14702
 22596 -21801 -30000 -13602
 23763 -21251 -30000 -12501
 24738 -20701 -30000 -11401
 25732 -20151 -30000 -10302
 26544 -19601 -30000  -9202
 27275 -19051 -30000  -8101
 27990 -18501 -30000  -7001
 28543 -17951 -30000  -5902
 29056 -17401 -30000  -4802
 29424 -16851 -30000  -3701
 29702 -16301 -30000  -2601
 29905 -15751 -30000  -1502
 29991 -15201 -30000   -402
 29986 -14651 -30000    699
 29873 -14101 -30000   1799
 29675 -13551 -30000   2898
 29350 -13001 -30000   3999
 28962 -12451 -30000   5099
 28486 -11901 -30000   6199
 27855 -11351 -30000   7298
 27198 -10801 -30000   8399
 26370 -10251 -30000   9499
 25541  -9701 -30000  10599
 24633  -9151 -30000  11698
 23537  -8601 -30000  12799
 22474  -8051 -30000  13899
 21213  -7500 -30000  15000
 20010  -6951 -30000  16098
 18746  -6401 -30000  17199
 17274  -5851 -30000  18299
 15894  -5301 -30000  19398
 14466  -4751 -30000  20498
 12827  -4201 -30000  21599
 11310  -3651 -30000  22699
  9585  -3101 -30000  23798
  8001  -2551 -30000  24898
  6393  -2001 -30000  25999
  4584  -1451 -30000  27099
  2941   -901 -30000  28198
  1104   -351 -30000  29298
  -552    199  30000  29601
 -2207    749  30000  28501
 -4037   1299  30000  27402
 -5672   1849  30000  26302
 -7289   2399  30000  25201
 -9060   2949  30000  24101
-10625   3499  30000  23002
-12325   4049  30000  21902
-13816   4599  30000  20801
-15265   5149  30000  19701
-16820   5699  30000  18602
-18165   6249  30000  17502
-19595   6799  30000  16401
-20819   7349  30000  15301
-21980   7899  30000  14202
-23190   8449  30000  13102
-24205   8999  30000  12001
-25147   9549  30000  10901
-26103  10099  30000   9802
-26879  10649  30000   8702
-27645  11199  30000   7601
-28246  11749  30000   6501
-28761  12299  30000   5402
-29230  12849  30000   4302
-29558  13399  30000   3201
-29817  13949  30000   2101
-29954  14499  30000   1002
-30000  15049  30000    -98
-29944  15599  30000  -1199
-29796  16149  30000  -2299
-29526  16699  30000  -3398
-29188  17249  30000  -4498
-28761  17799  30000  -5599
-28184  18349  30000  -6699
-27573  18899  30000  -7798
-26879  19449  30000  -8898
-26011  19999  30000  -9999
-25147  20549  30000 -11099
-24096  21099  30000 -12198
-23073  21649  30000 -13298
-21980  22199  30000 -14399
-20686  22749  30000 -15499
-19455  23299  30000 -16598
-18018  23849  30000 -17698
-16667  24399  30000 -18799
-15265  24949  30000 -19899
-13653  25499  30000 -20998
-12157  26049  30000 -22098
-10625  26599  30000 -23199
 -8885  27149  30000 -24299
 -7289  27699  30000 -25398
 -5491  28249  30000 -26499
 -3855  28799  30000 -27599
 -2207  29349  30000 -28699
  -368  29899  30000 -29798
  1288 -29551 -30000 -29101
  3124 -29001 -30000 -28001
  4766 -28451 -30000 -26901
  6393 -27901 -30000 -25802
  8179 -27351 -30000 -24701
  9759 -26801 -30000 -23601
 11481 -26250 -30000 -22500
 12993 -25701 -30000 -21402
 14466 -25151 -30000 -20301
 16050 -24601 -30000 -19201
 17424 -24051 -30000 -18102
 18746 -23501 -30000 -17002
 20147 -22951 -30000 -15901
 21343 -22401 -30000 -14801
 22596 -21851 -30000 -13702
 23650 -21301 -30000 -12602
 24633 -20751 -30000 -11501
 25637 -20201 -30000 -10401
 26458 -19651 -30000  -9302
 27275 -19101 -30000  -8202
 27923 -18551 -30000  -7101
 28486 -18001 -30000  -6001
 29009 -17451 -30000  -4902
 29387 -16901 -30000  -3802
 29675 -16351 -30000  -2701
 29889 -15801 -30000  -1601
 29986 -15251 -30000   -502
 29986 -14701 -30000    598
 29889 -14151 -30000   1699
 29702 -13601 -30000   2799
 29387 -13051 -30000   3898
 29009 -12501 -30000   4998
 28486 -11951 -30000   6099
 27923 -11401 -30000   7199
 27275 -10851 -30000   8298
 26458 -10301 -30000   9398
 25637  -9751 -30000  10499
 24738  -9201 -30000  11599
 23650  -8651 -30000  12698
 22596  -8101 -30000  13798
 21343  -7551 -30000  14899
 20147  -7001 -30000  15999
 18889  -6451 -30000  17098
 17424  -5901 -30000  18198
 16050  -5351 -30000  19299
 14466  -4801 -30000  20399
 12993  -4251 -30000  21498
 11481  -3701 -30000  22598
  9759  -3151 -30000  23699
  8179  -2601 -30000  24799
  6393  -2051 -30000  25898
  4766  -1501 -30000  26998
  3124   -951 -30000  28099
  1288   -401 -30000  29199
  -368    149  30000  29702
 -2023    699  30000  28602
 -3855   1249  30000  27501
 -5491   1799  30000  26401
 -7289   2349  30000  25302
 -8885   2899  30000  24202
-10453   3449  30000  23101
-12157   3999  30000  22001
-13653   4549  30000  20902
-15265   5099  30000  19802
-16667   5649  30000  18701
-18018   6199  30000  17601
-19455   6749  30000  16502
-20686   7299  30000  15402
-21854   7849  30000  14301
-23073   8399  30000  13201
-24096   8949  30000  12102
-25147   9499  30000  11001
-26011  10049  30000   9901
-26797  10599  30000   8801
-27573  11149  30000   7702
-28184  11699  30000   6601
-28761  12249  30000   5501
-29188  12799  30000   4401
-29526  13349  30000   3302
-29796  13899  30000   2201
-29944  14449  30000   1101
-30000  15000  30000      0
-29954  15549  30000  -1098
-29817  16099  30000  -2199
-29558  16649  30000  -3299
-29230  17199  30000  -4398
-28813  17749  30000  -5498
-28246  18299  30000  -6599
-27645  18849  30000  -7699
-26879  19399  30000  -8798
-26103  19949  30000  -9898
-25247  20499  30000 -10999
-24205  21049  30000 -12099
-23190  21599  30000 -13198
-21980  22149  30000 -14298
-20819  22699  30000 -15399
-19595  23249  30000 -16499
-18165  23799  30000 -17598
-16820  24349  30000 -18698
-15423  24899  30000 -19799
-13816  25449  30000 -20899
-12325  25999  30000 -21998
-10625  26549  30000 -23098
 -9060  27099  30000 -24199
 -7468  27649  30000 -25299
 -5672  28199  30000 -26398
 -4037  28749  30000 -27498
 -2207  29299  30000 -28599
  -552  29849  30000 -29699
  1104 -29601 -30000 -29202
  2941 -29051 -30000 -28102
  4584 -28501 -30000 -27001
  6213 -27951 -30000 -25901
  8001 -27401 -30000 -24802
  9585 -26851 -30000 -23702
 11310 -26301 -30000 -22601
 12827 -25751 -30000 -21501
 14304 -25201 -30000 -20402
 15894 -24651 -30000 -19302
 17274 -24101 -30000 -18201
 18746 -23551 -30000 -17101
 20010 -23001 -30000 -16002
 21213 -22451 -30000 -14902
 22474 -21901 -30000 -13801
 23537 -21351 -30000 -12701
 24633 -20801 -30000 -11602
 25541 -20251 -30000 -10502
 26370 -19701 -30000  -9401
 27198 -19151 -30000  -8301
 27855 -18601 -30000  -7202
 28428 -18051 -30000  -6102
 28962 -17501 -30000  -5001
 29350 -16951 -30000  -3901
 29675 -16401 -30000  -2802
 29873 -15851 -30000  -1702
 29980 -15301 -30000   -601
 29991 -14751 -30000    499
 29905 -14201 -30000   1598
 29702 -13651 -30000   2698
 29424 -13101 -30000   3799
 29056 -12551 -30000   4899
 28543 -12001 -30000   5998
 27990 -11451 -30000   7098
 27351 -10901 -30000   8199
 26544 -10351 -30000   9299
 25732  -9801 -30000  10398
 24738  -9251 -30000  11499
 23763  -8701 -30000  12599
 22716  -8151 -30000  13699
 21472  -7601 -30000  14798
 20283  -7051 -30000  15899
 18889  -6501 -30000  16999
 17574  -5951 -30000  18099
 16205  -5401 -30000  19198
 14627  -4851 -30000  20299
 13158  -4301 -30000  21399
 11481  -3750 -30000  22500
  9933  -3201 -30000  23598
  8356  -2651 -30000  24699
  6573  -2101 -30000  25799
  4947  -1551 -30000  26898
  3307  -1001 -30000  27998
  1472   -451 -30000  29099
  -184     99  30000  29801
 -2023    649  30000  28702
 -3672   1199  30000  27602
 -5310   1749  30000  26501
 -7111   2299  30000  25401
 -8709   2849  30000  24302
-10453   3399  30000  23202
-11989   3949  30000  22101
-13488   4499  30000  21001
-15106   5049  30000  19902
-16514   5599  30000  18802
-17871   6149  30000  17701
-19315   6699  30000  16601
-20553   7249  30000  15502
-21854   7799  30000  14402
-22955   8349  30000  13301
-23986   8899  30000  12201
-25046   9449  30000  11102
-25919   9999  30000  10002
-26797  10549  30000   8901
-27500  11099  30000   7801
-28120  11649  30000   6702
-28708  12199  30000   5602
-29145  12749  30000   4501
-29493  13299  30000   3401
-29774  13849  30000   2302
-29932  14399  30000   1202
-29999  14949  30000    101
-29964  15499  30000   -999
-29837  16049  30000  -2098
-29589  16599  30000  -3198
-29271  17149  30000  -4299
-28813  17699  30000  -5399
-28308  18249  30000  -6498
-27716  18799  30000  -7598
-26960  19349  30000  -8699
-26193  19899  30000  -9799
-25247  20449  30000 -10898
-24314  20999  30000 -11998
-23307  21549  30000 -13099
-22104  22099  30000 -14199
-20951  22649  30000 -15298
-19734  23199  30000 -16398
-18311  23749  30000 -17499
-16972  24299  30000 -18599
-15423  24849  30000 -19698
-13979  25399  30000 -20798
-12493  25949  30000 -21899
-10797  26499  30000 -22999
 -9235  27049  30000 -24098
 -7468  27599  30000 -25198
 -5853  28149  30000 -26299
 -4220  28699  30000 -27399
 -2390  29249  30000 -28498
  -736  29799  30000 -29598
   920 -29651 -30000 -29301
  2757 -29101 -30000 -28201
  4402 -28551 -30000 -27102
  6213 -28001 -30000 -26001
  7824 -27451 -30000 -24901
  9410 -26901 -30000 -23801
 11140 -26351 -30000 -22702
 12660 -25801 -30000 -21601
 14304 -25251 -30000 -20501
 15738 -24701 -30000 -19401
 17123 -24151 -30000 -18302
 18602 -23601 -30000 -17201
 19872 -23051 -30000 -16101
 21213 -22500 -30000 -15000
 22352 -21951 -30000 -13902
 23422 -21401 -30000 -12801
 24528 -20851 -30000 -11701
 25444 -20301 -30000 -10602
 26282 -19751 -30000  -9502
 27120 -19201 -30000  -8401
 27786 -18651 -30000  -7301
 28428 -18101 -30000  -6202
 28913 -17551 -30000  -5102
 29311 -17001 -30000  -4001
 29648 -16451 -30000  -2901
 29856 -15901 -30000  -1802
 29980 -15351 -30000   -702
 29995 -14801 -30000    399
 29919 -14251 -30000   1499
 29727 -13701 -30000   2598
 29459 -13151 -30000   3698
 29101 -12601 -30000   4799
 28599 -12051 -30000   5899
 28056 -11501 -30000   6998
 27351 -10951 -30000   8098
 26629 -10401 -30000   9199
 25826  -9851 -30000  10299
 24841  -9301 -30000  11398
 23875  -8751 -30000  12498
 22716  -8201 -30000  13599
 21600  -7651 -30000  14699
 20418  -7101 -30000  15798
 19032  -6551 -30000  16898
 17723  -6001 -30000  17999
 16360  -5451 -30000  19099
 14787  -4901 -30000  20198
 13324  -4351 -30000  21298
 11650  -3801 -30000  22399
 10107  -3251 -30000  23499
  8532  -2701 -30000  24598
  6753  -2151 -30000  25698
  5129  -1601 -30000  26799
  3307  -1051 -30000  27899
  1656   -501 -30000  28998
     0     49  30000  29902
 -1840    599  30000  28801
 -3490   1149  30000  27701
 -5310   1699  30000  26602
 -6932   2249  30000  25502
 -8532   2799  30000  24401
-10280   3349  30000  23301
-11820   3899  30000  22202
-13324   4449  30000  21102
-14947   4999  30000  20001
-16360   5549  30000  18901
-17871   6099  30000  17802
-19174   6649  30000  16702
-20418   7199  30000  15601
-21727   7749  30000  14501
-22836   8299  30000  13402
-23986   8849  30000  12302
-24944   9399  30000  11201
-25826   9949  30000  10101
-26713  10499  30000   9002
-27426  11049  30000   7902
-28056  11599  30000   6801
-28654  12149  30000   5701
-29101  12699  30000   4602
-29493  13249  30000   3501
-29751  13799  30000   2401
-29919  14349  30000   1301
-29998  14899  30000    202
-29972  15449  30000   -899
-29837  15999  30000  -1999
-29619  16549  30000  -3099
-29311  17099  30000  -4198
-28864  17649  30000  -5299
-28368  18199  30000  -6399
-27716  18750  30000  -7500
-27040  19299  30000  -8598
-26282  19849  30000  -9699
-25346  20399  30000 -10799
-24421  20949  30000 -11898
-23422  21499  30000 -12998
-22229  22049  30000 -14099
-21083  22599  30000 -15199
-19734  23149  30000 -16298
-18457  23699  30000 -17398
-17123  24249  30000 -18499
-15581  24799  30000 -19599
-14142  25349  30000 -20698
-12493  25899  30000 -21798
-10968  26449  30000 -22899
 -9410  26999  30000 -23999
 -7646  27549  30000 -25098
 -6033  28099  30000 -26198
 -4402  28649  30000 -27299
 -2574  29199  30000 -28399
  -920  29749  30000 -29498
   920 -29701 -30000 -29402
  2574 -29151 -30000 -28301
  4220 -28601 -30000 -27201
  6033 -28051 -30000 -26102
  7646 -27501 -30000 -25002
  9410 -26951 -30000 -23901
 10968 -26401 -30000 -22801
 12493 -25851 -30000 -21702
 14142 -25301 -30000 -20602
 15581 -24751 -30000 -19501
 16972 -24201 -30000 -18401
 18457 -23651 -30000 -17302
 19734 -23101 -30000 -16202
 21083 -22551 -30000 -15101
 22229 -22001 -30000 -14001
 23307 -21451 -30000 -12902
 24421 -20901 -30000 -11802
 25346 -20351 -30000 -10701
 26282 -19801 -30000  -9601
 27040 -19251 -30000  -8502
 27716 -18701 -30000  -7402
 28368 -18151 -30000  -6301
 28864 -17601 -30000  -5201
 29311 -17051 -30000  -4102
 29619 -16501 -30000  -3002
 29837 -15951 -30000  -1901
 29972 -15401 -30000   -801
 29998 -14851 -30000    298
 29932 -14301 -30000   1398
 29751 -13751 -30000   2499
 29493 -13201 -30000   3599
 29101 -12651 -30000   4698
 28654 -12101 -30000   5798
 28120 -11551 -30000   6899
 27426 -11001 -30000   7999
 26713 -10451 -30000   9098
 25826  -9901 -30000  10198
 24944  -9351 -30000  11299
 23986  -8801 -30000  12399
 22836  -8251 -30000  13498
 21727  -7701 -30000  14598
 20553  -7151 -30000  15699
 19174  -6601 -30000  16799
 17871  -6051 -30000  17898
 16360  -5501 -30000  18999
 14947  -4951 -30000  20099
 13488  -4401 -30000  21199
 11820  -3851 -30000  22298
 10280  -3301 -30000  23399
  8532  -2751 -30000  24499
  6932  -2201 -30000  25599
  5310  -1651 -30000  26698
  3490  -1101 -30000  27799
  1840   -551 -30000  28899
     0      0  30000  30000
 -1656    549  30000  28902
 -3307   1099  30000  27801
 -5129   1649  30000  26701
 -6753   2199  30000  25602
 -8356   2749  30000  24502
-10107   3299  30000  23401
-11650   3849  30000  22301
-13324   4399  30000  21202
-14787   4949  30000  20102
-16205   5499  30000  19001
-17723   6049  30000  17901
-19032   6599  30000  16802
-20418   7149  30000  15702
-21600   7699  30000  14601
-22716   8249  30000  13501
-23875   8799  30000  12402
-24841   9349  30000  11302
-25732   9899  30000  10201
-26629  10449  30000   9101
-27351  10999  30000   8002
-28056  11549  30000   6902
-28599  12099  30000   5801
-29056  12649  30000   4701
-29459  13199  30000   3602
-29727  13749  30000   2502
-29919  14299  30000   1401
-29995  14849  30000    301
-29980  15399  30000   -798
-29856  15949  30000  -1898
-29648  16499  30000  -2999
-29350  17049  30000  -4099
-28913  17599  30000  -5198
-28428  18149  30000  -6298
-27786  18699  30000  -7399
-27120  19249  30000  -8499
-26370  19799  30000  -9598
-25444  20349  30000 -10698
-24528  20899  30000 -11799
-23422  21449  30000 -12899
-22352  21999  30000 -13998
-21213  22549  30000 -15098
-19872  23099  30000 -16199
-18602  23649  30000 -17299
-17123  24199  30000 -18398
-15738  24749  30000 -19498
-14304  25299  30000 -20599
-12660  25849  30000 -21699
-11140  26399  30000 -22798
 -9585  26949  30000 -23898
 -7824  27499  30000 -24999
 -6213  28049  30000 -26099
 -4402  28599  30000 -27198
 -2757  29149  30000 -28298
 -1104  29699  30000 -29399
   736 -29751 -30000 -29501
  2390 -29201 -30000 -28402
  4220 -28651 -30000 -27302
  5853 -28101 -30000 -26201
  7468 -27551 -30000 -25101
  9235 -27001 -30000 -24002
 10797 -26451 -30000 -22902
 12325 -25901 -30000 -21801
 13979 -25351 -30000 -20701
 15423 -24801 -30000 -19602
 16972 -24251 -30000 -18501
 18311 -23701 -30000 -17401
 19595 -23151 -30000 -16301
 20951 -22601 -30000 -15202
 22104 -22051 -30000 -14101
 23307 -21501 -30000 -13001
 24314 -20951 -30000 -11901
 25247 -20401 -30000 -10802
 26193 -19851 -30000  -9701
 26960 -19301 -30000  -8601
 27716 -18750 -30000  -7500
 28308 -18201 -30000  -6402
 28813 -17651 -30000  -5301
 29271 -17101 -30000  -4201
 29589 -16551 -30000  -3102
 29817 -16001 -30000  -2002
 29964 -15451 -30000   -901
 29999 -14901 -30000    199
 29932 -14351 -30000   1298
 29774 -13801 -30000   2398
 29526 -13251 -30000   3499
 29145 -12701 -30000   4599
 28708 -12151 -30000   5698
 28120 -11601 -30000   6798
 27500 -11051 -30000   7899
 26797 -10501 -30000   8999
 25919  -9951 -30000  10098
 25046  -9401 -30000  11198
 24096  -8851 -30000  12299
 22955  -8301 -30000  13399
 21854  -7751 -30000  14498
 20553  -7201 -30000  15598
 19315  -6651 -30000  16699
 18018  -6101 -30000  17799
 16514  -5551 -30000  18898
 15106  -5001 -30000  19998
 13488  -4451 -30000  21099
 11989  -3901 -30000  22199
 10453  -3351 -30000  23298
  8709  -2801 -30000  24398
  7111  -2251 -30000  25499
  5491  -1701 -30000  26599
  3672  -1151 -30000  27698
  2023   -601 -30000  28798
   184    -51 -30000  29899
 -1472    499  30000  29001
 -3124   1049  30000  27902
 -4947   1599  30000  26802
 -6573   2149  30000  25701
 -8356   2699  30000  24601
 -9933   3249  30000  23502
-11481   3799  30000  22402
-13158   4349  30000  21301
-14627   4899  30000  20201
-16205   5449  30000  19102
-17574   5999  30000  18002
-18889   6549  30000  16901
-20283   7099  30000  15801
-21472   7649  30000  14702
-22596   8199  30000  13602
-23763   8749  30000  12501
-24738   9299  30000  11401
-25732   9849  30000  10302
-26544  10399  30000   9202
-27275  10949  30000   8101
-27990  11499  30000   7001
-28543  12049  30000   5902
-29056  12599  30000   4802
-29424  13149  30000   3701
-29702  13699  30000   2601
-29905  14249  30000   1502
-29991  14799  30000    402
-29986  15349  30000   -699
-29873  15899  30000  -1799
-29675  16449  30000  -2898
-29350  16999  30000  -3999
-28962  17549  30000  -5099
-28486  18099  30000  -6199
-27855  18649  30000  -7298
-27198  19199  30000  -8399
-26370  19749  30000  -9499
-25541  20299  30000 -10599
-24633  20849  30000 -11698
-23537  21399  30000 -12799
-22474  21949  30000 -13899
-21213  22500  30000 -15000
-20010  23049  30000 -16098
-18746  23599  30000 -17199
-17274  24149  30000 -18299
-15894  24700  30000 -19400
-14466  25249  30000 -20498
-12827  25799  30000 -21599
-11310  26349  30000 -22699
 -9585  26899  30000 -23798
 -8001  27449  30000 -24898
 -6393  27999  30000 -25999
 -4584  28549  30000 -27099
 -2941  29099  30000 -28198
 -1104  29649  30000 -29298
   552 -29801 -30000 -29601
  2207 -29251 -30000 -28501
  4037 -28701 -30000 -27402
  5672 -28151 -30000 -26302
  7289 -27601 -30000 -25201
  9060 -27051 -30000 -24101
 10625 -26501 -30000 -23002
 12325 -25951 -30000 -21902
 13816 -25401 -30000 -20801
 15265 -24851 -30000 -19701
 16820 -24301 -30000 -18602
 18165 -23751 -30000 -17502
 19595 -23201 -30000 -16401
 20819 -22651 -30000 -15301
 21980 -22101 -30000 -14202
 23190 -21551 -30000 -13102
 24205 -21001 -30000 -12001
 25147 -20451 -30000 -10901
 26103 -19901 -30000  -9802
 26879 -19351 -30000  -8702
 27645 -18801 -30000  -7601
 28246 -18251 -30000  -6501
 28761 -17701 -30000  -5402
 29230 -17151 -30000  -4302
 29558 -16601 -30000  -3201
 29817 -16051 -30000  -2101
 29954 -15501 -30000  -1002
 30000 -14951 -30000     98
 29944 -14401 -30000   1199
 29796 -13851 -30000   2299
 29526 -13301 -30000   3398
 29188 -12751 -30000   4498
 28761 -12201 -30000   5599
 28184 -11651 -30000   6699
 27573 -11101 -30000   7798
 26879 -10551 -30000   8898
 26011 -10001 -30000   9999
 25147  -9451 -30000  11099
 24096  -8901 -30000  12198
 23073  -8351 -30000  13298
 21980  -7801 -30000  14399
 20686  -7251 -30000  15499
 19455  -6701 -30000  16598
 18018  -6151 -30000  17698
 16667  -5601 -30000  18799
 15265  -5051 -30000  19899
 13653  -4501 -30000  20998
 12157  -3951 -30000  22098
 10625  -3401 -30000  23199
  8885  -2851 -30000  24299
  7289  -2301 -30000  25398
  5491  -1751 -30000  26499
  3855  -1201 -30000  27599
  2207   -651 -30000  28699
   368   -101 -30000  29798
 -1288    449  30000  29101
 -3124    999  30000  28001
 -4766   1549  30000  26901
 -6393   2099  30000  25802
 -8179   2649  30000  24701
 -9759   3199  30000  23601
-11481   3750  30000  22500
-12993   4299  30000  21402
-14466   4849  30000  20301
-16050   5399  30000  19201
-17424   5950  30000  18100
-18746   6499  30000  17002
-20147   7049  30000  15901
-21343   7599  30000  14801
-22596   8149  30000  13702
-23650   8699  30000  12602
-24633   9249  30000  11501
-25637   9799  30000  10401
-26458  10349  30000   9302
-27275  10899  30000   8202
-27923  11449  30000   7101
-28486  11999  30000   6001
-29009  12549  30000   4902
-29387  13099  30000   3802
-29675  13649  30000   2701
-29889  14199  30000   1601
-29986  14749  30000    502
-29986  15299  30000   -598
-29889  15849  30000  -1699
-29702  16399  30000  -2799
-29387  16949  30000  -3898
-29009  17499  30000  -4998
-28486  18049  30000  -6099
-27923  18599  30000  -7199
-27275  19149  30000  -8298
-26458  19699  30000  -9398
-25637  20249  30000 -10499
-24738  20799  30000 -11599
-23650  21349  30000 -12698
-22596  21899  30000 -13798
-21343  22449  30000 -14899
-20147  22999  30000 -15999
-18889  23549  30000 -17098
-17424  24099  30000 -18198
-16050  24649  30000 -19299
-14466  25199  30000 -20399
-12993  25749  30000 -21498
-11481  26299  30000 -22598
 -9759  26849  30000 -23699
 -8179  27399  30000 -24799
 -6393  27949  30000 -25898
 -4766  28499  30000 -26998
 -3124  29049  30000 -28099
 -1288  29599  30000 -29199
   368 -29851 -30000 -29702
  2023 -29301 -30000 -28602
  3855 -28751 -30000 -27501
  5491 -28201 -30000 -26401
  7289 -27651 -30000 -25302
  8885 -27101 -30000 -24202
 10453 -26551 -30000 -23101
